,2020-07-18,2020-07-25,2020-08-01,2020-08-08,2020-08-15,2020-08-22,2020-08-29,2020-09-05,2020-09-12,2020-09-19,2020-09-26,2020-10-03,2020-10-10,2020-10-17,2020-10-24,2020-10-31,2020-11-07,2020-11-14,2020-11-21,2020-11-28,2020-12-05,2020-12-12,2020-12-19,2020-12-26,2021-01-02,2021-01-09,2021-01-16,2021-01-23,2021-01-30,2021-02-06,2021-02-13,2021-02-20,2021-02-27,2021-03-06,2021-03-13,2021-03-20,2021-03-27,2021-04-03
ensemble_SIkJa_RF,,,,2906.45,1866.35,4973.75,6136.5,1885.125,1148.9250000000002,3078.825,3575.1,1756.4500000000007,3115.1749999999997,2215.9,2923.5499999999997,6628.975,4848.150000000001,9223.0,10915.25,8429.0,9842.5,23279.25,18211.25,5028.75,7121.0,9182.0,3499.25,4365.0,5398.5,8215.0,10418.75,4473.5,3091.25,,,,,
FH_AIpert_pwllnod,,,,,,,,,,,,,,,,,,,,,,,,,,,,,,,,,,,,,,
FH_BPagano_RtDriven,,,,,,,,,,,,,,,,,,9207.25,15209.5,16000.25,15386.25,31849.75,12009.75,10223.0,22259.75,3943.25,3146.25,7189.25,6535.0,7865.5,5589.75,2675.25,1670.0,468.0,457.5,1492.75,1403.5,
FH_Caltech_CS156,,,,,,,,,,,,,,,,,,,,,,,,,,,,,,,,,,,,,,
FH_CEID_Walk,,,,,,,,1891.0,1192.75,3368.0,3166.75,1002.0,2626.25,1449.75,1878.5,5053.25,4592.0,11309.0,15266.25,13832.5,9556.25,5323.25,1173.25,3205.5,2587.75,,,6261.5,4818.0,5068.5,3079.0,2967.0,4286.25,2251.25,923.75,586.25,637.5,
FH_CMU_TimeSeries,,,,,,,,,,,,,,,,,,,,,,,,,,,,,,,,,,,,,,
FH_Columbia_UNC_SurvCon,,,,,,,,,,,,,,,,,,,,,,,,,,,,,,,,,,,,,,
FH_Covid19Sim_Simulator,,,3063.75,2729.0,2409.0,3439.0,8255.5,,,3945.5,1872.0,1280.0,1617.75,1973.5,2085.0,4001.5,7546.5,11352.0,13967.0,14965.0,9118.5,,3675.0,2661.0,2577.0,3086.75,3943.25,5705.75,5271.5,4969.5,,3031.5,2715.75,1672.25,378.25,1123.75,1283.5,
FH_CovidAnalytics_DELPHI,,,,,,,,,,,,,,,4350.75,5371.25,7529.25,14743.5,17377.0,19860.5,20814.25,17104.75,44659.25,37603.5,17522.0,6985.5,13078.25,7287.5,9599.5,7089.75,,1955.25,1021.5,521.25,466.25,530.5,1025.0,
FH_COVIDhub_baseline,,,4101.75,3609.5,3507.0,1296.5,2571.0,2611.5,801.75,1892.75,2335.0,796.0,2301.5,1567.75,2069.5,5029.0,4325.75,11610.25,14811.5,14095.0,8711.25,4765.5,1353.75,3383.75,2484.0,2807.0,3014.75,6246.25,4948.75,5499.75,,,3719.5,2378.75,942.0,594.75,556.5,
FH_COVIDhub_ensemble,,,,,2260.0,1448.5,919.5,1737.75,1227.75,3523.0,3075.0,1885.5,3036.25,2634.5,2478.25,5079.5,6967.25,11224.5,14718.0,14267.25,6718.5,6258.75,5157.75,2838.25,2771.5,3298.25,4716.25,6921.5,4544.75,5209.0,,2726.0,1619.0,636.75,413.0,1213.25,1276.0,
FH_COVIDhub_trained_ensemble,,,,,,,,,,,,,,,,,,,,,,,,,,,,,,,,,5556.0,6164.0,14119.75,1366.75,1486.25,
FH_CU_nochange,,,,,,,,,,,,,,,,3700.0,5620.5,10215.5,15182.25,10296.25,7471.25,8762.25,9023.0,7912.25,4299.5,5535.75,6591.0,12652.75,15049.25,14712.5,,3718.5,4338.5,2875.5,1231.0,2425.75,1701.75,
FH_CU_scenario_high,,,,,,,,,,,,,,,,2939.75,4972.25,9499.5,14397.25,8995.75,7800.0,9299.0,8490.75,7454.25,5171.75,4936.75,6124.75,12539.25,17034.75,16192.5,,3823.5,4874.0,3264.0,1106.25,2386.25,1619.0,
FH_CU_scenario_low,,,,,,,,,,,,,,,,5128.0,7506.0,12473.75,17139.75,13775.5,5815.5,9031.75,7102.0,6094.0,3892.0,4765.5,5863.5,11899.75,9605.0,10967.0,,3491.75,3521.0,1669.0,960.5,2183.5,1593.5,
FH_CU_scenario_mid,,,,,,,,,,,,,,,,3537.75,6053.5,10657.0,15054.25,11188.25,8775.25,11669.5,7585.0,6418.5,5285.5,4210.25,5287.75,11927.25,15886.75,16051.25,,3579.75,4703.75,2877.5,977.5,2299.75,1531.25,
FH_CU_select,,,,,,,,4979.75,6608.25,827.0,1389.75,2536.0,2344.75,1606.75,2232.25,3537.75,6053.5,10657.0,15054.25,11188.25,8775.25,9031.75,7102.0,6094.0,3892.0,4765.5,5863.5,11927.25,15886.75,16051.25,,3579.75,3521.0,2877.5,977.5,2299.75,1531.25,
FH_DDS_NBDS,,,,,,4108.5,1392.75,1151.75,1580.25,2670.75,2338.75,1400.25,3427.5,11290.25,7112.25,3926.25,5776.0,8765.25,9272.0,10323.0,17468.25,5365.0,21218.0,4140.25,8230.5,4347.75,4903.75,19758.25,4515.25,14175.25,,2554.75,2331.75,2390.25,,1076.75,1311.5,
FH_epiforecasts_ensemble1,,,,,,,,,,,,,,,,,,,,,,,,,,,,,,,,,,,,,,
FH_FAIR_NRAR,,,,,,,,,,,,,,,,,,,,,,,,,,,,,,,,,,,,,,
FH_FDANIHASU_Sweight,,,,,,,,,,,,,,,,,,,,,,,,,,,,,,,,,,,,,,
FH_Geneva_DetGrowth,,,,,,,,,,,,,,,,,,,,,,,,,,,,,,,,,,,,,,
FH_Google_Harvard_CPF,,,,,,,,,,,,,,,,,5383.75,,15764.25,15406.75,4708.5,27970.75,16440.25,7909.5,7148.5,3388.0,7258.25,9490.5,5675.25,11631.0,,2208.25,2287.5,732.5,1153.0,1935.5,1418.5,
FH_GT_CHHS_COVID19,,,,,,,,,,,,,,,,,,,,,,,,,,,,,,,,,,,,,,
FH_GT_DeepCOVID,,,,,,,,,,,,,,,,,,,,,,,,,,,,,,,,,,,,,,
FH_IBF_TimeSeries,,,,,,,,,,,,,,,,,,,,,,,,,,,,,,,,,,,,,,
FH_IEM_MED_CovidProject,,,,,,,,,,,,,,,,,,,,,,,,,,,,,,,,,,,,,,
FH_IHME_CurveFit,,,,,,,,,,,,,,,,,,,,,,,,,,,,,,,,,,,,,,
FH_IowaStateLW_STEM,,,3599.0,3094.25,4017.25,2538.5,1273.0,,2909.75,2856.75,3345.25,2386.75,3946.5,4010.75,4259.0,6393.75,8775.75,12167.25,16776.5,16510.0,9833.5,2609.25,2074.0,1710.75,2067.25,3221.0,4700.75,3686.25,3845.0,7028.0,,2403.5,,673.75,1641.25,539.0,473.0,
FH_IQVIA_ACOE_STAN,,,,,,,,,,,,,,,,,,,,,,,,,,,,,,,,,,,,,,
FH_IUPUI_HkPrMobiDyR,,,,,,,,,,,,,,,,,,,,,,,,,,,,,,,,,,,,4049.0,,
FH_JCB_PRM,,,,,,,,,,,,575.75,1323.25,1744.25,1177.25,3595.25,6348.0,10410.75,10438.5,13370.0,12065.5,10539.5,21839.5,15707.5,8466.25,3695.25,4331.5,5022.5,,,,,,,,,,
FH_JHU_CSSE_DECOM,,,,,,,,,,,,,,,,2680.5,,9709.0,14345.0,14898.0,5610.75,21042.25,11831.75,6586.0,3196.5,2833.25,3024.75,6130.5,,5555.5,,4441.5,2985.0,2745.0,1390.75,749.75,228.75,
FH_JHU_IDD_CovidSP,,,3459.0,2753.0,2745.25,2088.25,2627.5,986.75,625.5,1203.0,2763.75,3220.75,5038.25,5645.25,5769.25,7626.25,11511.5,17659.75,22113.5,25052.75,,12742.5,11242.25,10498.25,11951.75,10229.0,8256.75,9987.75,8048.0,4659.5,,3180.75,1957.25,1247.0,2620.0,1047.0,1287.25,
FH_JHU_UNC_GAS_StatMechPool,,,,,,,,,,,,,,,,,,,12974.0,12676.75,,,,,,,,,,,,,,,,,,
FH_JHUAPL_Bucky,,,,,,,,,,,2057.5,606.0,1247.5,1058.25,1737.75,5468.75,6585.5,7072.75,9488.5,12697.75,5916.0,32006.25,10622.25,9401.0,13348.0,10779.75,6564.5,13613.0,4867.5,1470.5,,6831.25,4247.5,1266.25,876.75,2608.25,703.75,
FH_JHUAPL_Gecko,,,,,,,,,,,,,,,,,,,,,,,,,,,,,,,,,,,,,,
FH_JHUAPL_SLPHospEns,,,,,,,,,,,,,,,,,,,,,,,,,,,,,,,,,,,,,,
FH_Karlen_pypm,,,,,3062.75,4156.75,15207.0,17608.75,1135.0,3158.25,3953.75,3079.5,3593.25,2851.5,2722.0,4426.5,7131.25,5853.75,9275.75,11474.0,6436.75,24798.0,26508.5,11173.25,4198.0,5224.25,6341.0,6930.75,6853.0,,1749.75,2180.25,1419.25,1003.25,1538.5,2368.25,381.5,
FH_LANL_GrowthRate,,,4846.25,5454.5,3547.75,1721.0,3370.0,3987.75,2371.5,4977.5,3174.25,2355.75,2295.25,4508.5,4244.0,11041.25,10518.5,12174.75,18179.0,13856.25,3837.75,7414.0,1373.25,10778.5,2842.0,4263.75,8306.0,,5928.5,5426.75,,3510.25,1852.75,1420.5,2140.25,2463.0,2414.0,
FH_LNQ_ens1,,,,,1848.0,2882.25,913.0,2815.5,2248.5,3779.75,3176.5,1178.5,2373.5,2758.0,2782.75,6468.25,6738.0,10929.75,13330.25,11802.0,8588.0,10628.0,5426.25,4450.75,2549.25,2542.0,5967.25,10680.5,5608.25,12145.0,,2554.0,1619.0,794.75,851.25,1502.5,1369.75,
FH_Microsoft_DeepSTIA,,,,,,,,,,,,,,,,,,,,,,,,,3494.5,5840.0,2458.5,7185.25,4411.25,5664.0,,5079.5,2690.25,926.5,1820.25,748.75,940.0,
FH_MIT_CritData_GBCF,,,,,,,,,,,,,,,,,,,,,,,,,,,,,,,,,,,,,,
FH_MIT_ISOLAT_Mixtures,,,,,,,,,,,,,,,,,,,,,,,,,,,,,,,8783.5,7144.5,1008.5,3772.0,3211.0,,3776.0,
FH_MITCovAlliance_SIR,,,,,,,,,,,,,,,,,,,,,,,,,,,,,,,,,,,,,,
FH_MOBS_GLEAM_COVID,,,,,,,,,,,,,,,,,,,,,,,,,,,,,,,,,1874.75,4585.5,2592.25,621.75,1144.5,
FH_MSRA_DeepST,,,,,,,,,,,,,,,,,,10642.0,,14937.25,10189.5,11983.5,16194.5,3589.5,3608.0,,,,,,,,,,,,,
FH_NotreDame_FRED,,,,,,,,,,,,,,,,,,,,,,,,,,,,,,,,,,,,,,
FH_NotreDame_mobility,,,,,,,,,,,,,,,,,,,,,,,,,,,,,,,,,,,,,,
FH_OliverWyman_Navigator,,,,,,,,,,,,,,,,,,,,,,,,,,,,,,,,,,,,,,
FH_OneQuietNight_ML,,,,,,,,,,,,,,,,,,,,,,,,,,,,,,,,,,,,,,
FH_PandemicCentral_USCounty,,,,,,,,,,,,,,,,,,,,,,,,,,,,,,,,,,,,,,
FH_PSI_DRAFT,,,,,,,,,,,,,,,,,,,,,,,,,,,,,,,,,,,,,,
FH_QJHong_Encounter,,,,,,,,,,,,,,,,,,,,,,,,,,,,,,,,,,,,,,
FH_RobertWalraven_ESG,,,6955.5,4148.25,2290.5,16997.25,1710.25,3299.75,4189.5,5239.75,4334.5,5103.0,6105.5,5741.25,6406.5,4120.75,8409.0,9816.75,12363.0,14379.5,4408.5,4153.5,2179.5,1919.0,,7284.5,7198.75,8429.75,4999.75,5167.5,2144.75,1718.5,1141.75,868.75,519.5,654.5,1276.75,
FH_RPI_UW_Mob_Collision,,,,,,,,,,,,,,,,,,,,,,,,,,,,,,,,,,,,,,
FH_SigSci_TS,,,,,,,,,,,,,,,,,,,,,,,,,,,,,,,,,3661.5,3327.75,918.75,725.0,617.25,
FH_SteveMcConnell_CovidComplete,,,,,,,,,,,,,,,,,,,,,,,,,,,,,,,,,,,,,,
FH_TTU_squider,,,,,,,,,,,,,,,,6122.5,9000.25,15839.75,17481.75,16518.75,12887.5,11015.0,20068.5,24706.5,10800.0,16028.5,13005.75,10269.0,12608.75,5076.5,6732.75,2946.5,3782.5,402.25,2630.5,533.0,2820.75,
FH_UA_EpiCovDA,,,,,,,,,,,,,,,,,,,,,,,,,,,,,,,,,,,,,,
FH_UCF_AEM,,,,,,,,,,,,,,,,,,,,,,,,,,,,,,,,,,,,,,
FH_UChicagoCHATTOPADHYAY_UnIT,,,,,,,,,,,,,,,,,,,,,,,,,,,,,,,,,,,,,,
FH_UCLA_SuEIR,,,3531.75,2354.75,2522.0,994.0,4421.75,1053.25,9147.75,5916.0,5083.75,2920.25,5478.75,3797.75,5385.75,9205.0,7683.25,17202.25,18935.5,17070.5,16748.5,6356.25,4779.25,8482.75,3534.0,2576.0,4730.75,5943.5,4303.5,5077.75,,3272.25,4161.25,1157.75,,2958.25,4653.75,
FH_UCM_MESALab_FoGSEIR,,,,,,,,,,,,,,,,,,,,,,,,,,,,,,,,,,,,,,
FH_UCSB_ACTS,,,,,,,,,,,,,,,,,,,12216.75,14077.25,11933.75,4867.5,41373.25,38463.25,20694.5,,5897.5,10774.5,10353.75,2450.25,,8031.25,,,,,,
FH_UCSD_NEU_DeepGLEAM,,,,,,,,,,,,,,,,,,,,,,,,,,,,,,,,,,,,,,
FH_UMass_MechBayes,,,,,,,,,,,,,,,,,,,,,,,,,,,,,,,,,,,,,,
FH_UMich_RidgeTfReg,,,,,,,,3628.75,,4217.0,2163.0,2442.75,2165.75,1302.5,1907.25,3524.5,3890.75,9921.25,13992.0,14536.25,,,,,,,2915.25,6819.25,5220.25,7082.25,,4672.0,9408.75,2693.25,3579.0,5780.5,543.75,
FH_UpstateSU_GRU,,,,,,,,,,,,,,,,,,,,,,,,,,,,,,,,,,,,,,
FH_UT_Mobility,,,,,,,,,,,,,,,,,,,,,,,,,,,,,,,,,,,,,,
FH_UVA_Ensemble,,,,,,,,,,,,,,,,,,,,,,,,,,,,,,,,,,,,,,
FH_WalmartLabsML_LogForecasting,,,,,,,,,,,,,,,,,,,,,,,,,,,,,,,,,,,,,,
FH_USACE_ERDC_SEIR,,,5219.75,4818.5,2694.25,7665.0,529.25,6061.5,782.5,4423.0,474.0,3014.5,1642.75,2363.25,2237.75,,3466.75,,15735.5,,,8455.0,9887.25,16362.75,,,,,,,,,,,,,,
SIkJaun1_hyper7,,,3389.5,2532.0,2482.75,8515.5,9301.0,4139.5,1660.75,1666.5,1082.75,1357.25,2183.25,1210.25,1112.0,8398.25,7283.75,7092.75,8074.75,15053.75,14858.75,12655.75,16025.5,5601.75,5221.0,2336.0,4147.25,7687.25,4696.0,7559.0,1724.0,1793.0,1421.75,,,,,
